2023/06/01-21:39:33.745238 4b58 RocksDB version: 7.7.3
2023/06/01-21:39:33.745329 4b58 Git sha eb9a80fe1f18017b4d7f4084e8f2554f12234822
2023/06/01-21:39:33.745352 4b58 Compile date 2022-10-24 17:17:55
2023/06/01-21:39:33.745375 4b58 DB SUMMARY
2023/06/01-21:39:33.745390 4b58 DB Session ID:  PZDDK54WC9H3RR5QLU1K
2023/06/01-21:39:33.745975 4b58 CURRENT file:  CURRENT
2023/06/01-21:39:33.745998 4b58 IDENTITY file:  IDENTITY
2023/06/01-21:39:33.746045 4b58 MANIFEST file:  MANIFEST-000025 size: 706 Bytes
2023/06/01-21:39:33.746070 4b58 SST files in E:\project\sv-mall\svmall-register\data\protocol\raft\naming_persistent_service_v2\log dir, Total Num: 6, files: 000010.sst 000011.sst 000016.sst 000017.sst 000022.sst 000023.sst 
2023/06/01-21:39:33.746090 4b58 Write Ahead Log file in E:\project\sv-mall\svmall-register\data\protocol\raft\naming_persistent_service_v2\log: 000024.log size: 943 ; 
2023/06/01-21:39:33.746228 4b58                         Options.error_if_exists: 0
2023/06/01-21:39:33.746249 4b58                       Options.create_if_missing: 1
2023/06/01-21:39:33.746260 4b58                         Options.paranoid_checks: 1
2023/06/01-21:39:33.746270 4b58             Options.flush_verify_memtable_count: 1
2023/06/01-21:39:33.746310 4b58                               Options.track_and_verify_wals_in_manifest: 0
2023/06/01-21:39:33.746319 4b58        Options.verify_sst_unique_id_in_manifest: 1
2023/06/01-21:39:33.746329 4b58                                     Options.env: 0000014F68CF8F40
2023/06/01-21:39:33.746338 4b58                                      Options.fs: WinFS
2023/06/01-21:39:33.746348 4b58                                Options.info_log: 0000014F645AB150
2023/06/01-21:39:33.746372 4b58                Options.max_file_opening_threads: 16
2023/06/01-21:39:33.746390 4b58                              Options.statistics: 0000014F688FEB80
2023/06/01-21:39:33.746398 4b58                               Options.use_fsync: 0
2023/06/01-21:39:33.746405 4b58                       Options.max_log_file_size: 0
2023/06/01-21:39:33.746413 4b58                  Options.max_manifest_file_size: 1073741824
2023/06/01-21:39:33.746420 4b58                   Options.log_file_time_to_roll: 0
2023/06/01-21:39:33.746427 4b58                       Options.keep_log_file_num: 100
2023/06/01-21:39:33.746434 4b58                    Options.recycle_log_file_num: 0
2023/06/01-21:39:33.746444 4b58                         Options.allow_fallocate: 1
2023/06/01-21:39:33.746453 4b58                        Options.allow_mmap_reads: 0
2023/06/01-21:39:33.746463 4b58                       Options.allow_mmap_writes: 0
2023/06/01-21:39:33.746470 4b58                        Options.use_direct_reads: 0
2023/06/01-21:39:33.746478 4b58                        Options.use_direct_io_for_flush_and_compaction: 0
2023/06/01-21:39:33.746485 4b58          Options.create_missing_column_families: 1
2023/06/01-21:39:33.746492 4b58                              Options.db_log_dir: 
2023/06/01-21:39:33.746499 4b58                                 Options.wal_dir: 
2023/06/01-21:39:33.746506 4b58                Options.table_cache_numshardbits: 6
2023/06/01-21:39:33.746513 4b58                         Options.WAL_ttl_seconds: 0
2023/06/01-21:39:33.746520 4b58                       Options.WAL_size_limit_MB: 0
2023/06/01-21:39:33.746528 4b58                        Options.max_write_batch_group_size_bytes: 1048576
2023/06/01-21:39:33.746539 4b58             Options.manifest_preallocation_size: 4194304
2023/06/01-21:39:33.746549 4b58                     Options.is_fd_close_on_exec: 1
2023/06/01-21:39:33.746558 4b58                   Options.advise_random_on_open: 1
2023/06/01-21:39:33.746568 4b58                    Options.db_write_buffer_size: 0
2023/06/01-21:39:33.746578 4b58                    Options.write_buffer_manager: 0000014F68CF9210
2023/06/01-21:39:33.746588 4b58         Options.access_hint_on_compaction_start: 1
2023/06/01-21:39:33.746595 4b58           Options.random_access_max_buffer_size: 1048576
2023/06/01-21:39:33.746602 4b58                      Options.use_adaptive_mutex: 0
2023/06/01-21:39:33.746659 4b58                            Options.rate_limiter: 0000000000000000
2023/06/01-21:39:33.746672 4b58     Options.sst_file_manager.rate_bytes_per_sec: 0
2023/06/01-21:39:33.746680 4b58                       Options.wal_recovery_mode: 2
2023/06/01-21:39:33.746688 4b58                  Options.enable_thread_tracking: 0
2023/06/01-21:39:33.746694 4b58                  Options.enable_pipelined_write: 0
2023/06/01-21:39:33.746701 4b58                  Options.unordered_write: 0
2023/06/01-21:39:33.746708 4b58         Options.allow_concurrent_memtable_write: 1
2023/06/01-21:39:33.746715 4b58      Options.enable_write_thread_adaptive_yield: 1
2023/06/01-21:39:33.746723 4b58             Options.write_thread_max_yield_usec: 100
2023/06/01-21:39:33.746730 4b58            Options.write_thread_slow_yield_usec: 3
2023/06/01-21:39:33.746737 4b58                               Options.row_cache: None
2023/06/01-21:39:33.746744 4b58                              Options.wal_filter: None
2023/06/01-21:39:33.746751 4b58             Options.avoid_flush_during_recovery: 0
2023/06/01-21:39:33.746758 4b58             Options.allow_ingest_behind: 0
2023/06/01-21:39:33.746765 4b58             Options.two_write_queues: 0
2023/06/01-21:39:33.746772 4b58             Options.manual_wal_flush: 0
2023/06/01-21:39:33.746779 4b58             Options.wal_compression: 0
2023/06/01-21:39:33.746786 4b58             Options.atomic_flush: 0
2023/06/01-21:39:33.746793 4b58             Options.avoid_unnecessary_blocking_io: 0
2023/06/01-21:39:33.746800 4b58                 Options.persist_stats_to_disk: 0
2023/06/01-21:39:33.746808 4b58                 Options.write_dbid_to_manifest: 0
2023/06/01-21:39:33.746814 4b58                 Options.log_readahead_size: 0
2023/06/01-21:39:33.746822 4b58                 Options.file_checksum_gen_factory: Unknown
2023/06/01-21:39:33.746829 4b58                 Options.best_efforts_recovery: 0
2023/06/01-21:39:33.746836 4b58                Options.max_bgerror_resume_count: 2147483647
2023/06/01-21:39:33.746843 4b58            Options.bgerror_resume_retry_interval: 1000000
2023/06/01-21:39:33.746850 4b58             Options.allow_data_in_errors: 0
2023/06/01-21:39:33.746857 4b58             Options.db_host_id: __hostname__
2023/06/01-21:39:33.746864 4b58             Options.enforce_single_del_contracts: true
2023/06/01-21:39:33.746872 4b58             Options.max_background_jobs: 2
2023/06/01-21:39:33.746879 4b58             Options.max_background_compactions: 4
2023/06/01-21:39:33.746886 4b58             Options.max_subcompactions: 1
2023/06/01-21:39:33.746894 4b58             Options.avoid_flush_during_shutdown: 0
2023/06/01-21:39:33.746901 4b58           Options.writable_file_max_buffer_size: 1048576
2023/06/01-21:39:33.746908 4b58             Options.delayed_write_rate : 16777216
2023/06/01-21:39:33.746915 4b58             Options.max_total_wal_size: 1073741824
2023/06/01-21:39:33.746922 4b58             Options.delete_obsolete_files_period_micros: 21600000000
2023/06/01-21:39:33.746932 4b58                   Options.stats_dump_period_sec: 600
2023/06/01-21:39:33.746944 4b58                 Options.stats_persist_period_sec: 600
2023/06/01-21:39:33.746954 4b58                 Options.stats_history_buffer_size: 1048576
2023/06/01-21:39:33.746963 4b58                          Options.max_open_files: -1
2023/06/01-21:39:33.746971 4b58                          Options.bytes_per_sync: 0
2023/06/01-21:39:33.746978 4b58                      Options.wal_bytes_per_sync: 0
2023/06/01-21:39:33.746985 4b58                   Options.strict_bytes_per_sync: 0
2023/06/01-21:39:33.746992 4b58       Options.compaction_readahead_size: 0
2023/06/01-21:39:33.747000 4b58                  Options.max_background_flushes: 1
2023/06/01-21:39:33.747009 4b58 Compression algorithms supported:
2023/06/01-21:39:33.747028 4b58 	kZSTD supported: 1
2023/06/01-21:39:33.747037 4b58 	kSnappyCompression supported: 1
2023/06/01-21:39:33.747045 4b58 	kBZip2Compression supported: 0
2023/06/01-21:39:33.747052 4b58 	kZlibCompression supported: 1
2023/06/01-21:39:33.747093 4b58 	kLZ4Compression supported: 1
2023/06/01-21:39:33.747101 4b58 	kXpressCompression supported: 0
2023/06/01-21:39:33.747108 4b58 	kLZ4HCCompression supported: 1
2023/06/01-21:39:33.747115 4b58 	kZSTDNotFinalCompression supported: 1
2023/06/01-21:39:33.747132 4b58 Fast CRC32 supported: Not supported on x86
2023/06/01-21:39:33.747140 4b58 DMutex implementation: std::mutex
2023/06/01-21:39:33.748759 4b58 [WARN] [db\db_impl\db_impl_open.cc:2074] DB::Open() failed: Corruption: CURRENT file corrupted
2023/06/01-21:39:33.748836 4b58 [db\db_impl\db_impl.cc:497] Shutdown: canceling all background work
2023/06/01-21:39:33.749011 4b58 [db\db_impl\db_impl.cc:704] Shutdown complete
